  1.000000   0.010913 
  2.000000   0.434391 
  3.000000   1.220058 
  4.000000   1.807624 
  5.000000   2.231510 
  6.000000   2.536952 
  7.000000   2.758481 
  8.000000   2.915885 
  9.000000   3.023462 
 10.000000   3.092157 
 11.000000   3.130624 
 12.000000   3.145709 
 13.000000   3.142791 
 14.000000   3.126153 
 15.000000   3.099284 
 16.000000   3.065052 
 17.000000   3.025760 
 18.000000   2.983199 
 19.000000   2.938720 
 20.000000   2.893317 
 21.000000   2.847708 
 22.000000   2.802405 
 23.000000   2.757772 
 24.000000   2.714056 
 25.000000   2.671426 
 26.000000   2.629987 
 27.000000   2.589803 
 28.000000   2.550901 
 29.000000   2.513287 
 30.000000   2.476948 
 31.000000   2.441858 
 32.000000   2.407985 
 33.000000   2.375289 
 34.000000   2.343727 
 35.000000   2.313255 
 36.000000   2.283826 
 37.000000   2.255396 
 38.000000   2.227919 
 39.000000   2.201353 
 40.000000   2.175653 
 41.000000   2.150781 
 42.000000   2.126697 
 43.000000   2.103363 
 44.000000   2.080746 
 45.000000   2.058810 
 46.000000   2.037525 
 47.000000   2.016860 
 48.000000   1.996787 
 49.000000   1.977279 
 50.000000   1.958311 
 51.000000   1.939858 
 52.000000   1.921898 
 53.000000   1.904409 
 54.000000   1.887371 
 55.000000   1.870766 
 56.000000   1.854574 
 57.000000   1.838779 
 58.000000   1.823364 
 59.000000   1.808315 
 60.000000   1.793616 
 61.000000   1.779254 
 62.000000   1.765216 
 63.000000   1.751489 
 64.000000   1.738062 
 65.000000   1.724923 
 66.000000   1.712063 
 67.000000   1.699470 
 68.000000   1.687135 
 69.000000   1.675049 
 70.000000   1.663204 
 71.000000   1.651590 
 72.000000   1.640201 
 73.000000   1.629029 
 74.000000   1.618066 
 75.000000   1.607305 
 76.000000   1.596741 
 77.000000   1.586367 
 78.000000   1.576176 
 79.000000   1.566163 
 80.000000   1.556323 
 81.000000   1.546651 
 82.000000   1.537140 
 83.000000   1.527788 
 84.000000   1.518588 
 85.000000   1.509536 
 86.000000   1.500629 
 87.000000   1.491862 
 88.000000   1.483231 
 89.000000   1.474732 
 90.000000   1.466363 
 91.000000   1.458118 
 92.000000   1.449995 
 93.000000   1.441991 
 94.000000   1.434103 
 95.000000   1.426327 
 96.000000   1.418661 
 97.000000   1.411102 
 98.000000   1.403646 
 99.000000   1.396293 
100.000000   1.389038 
101.000000   1.381881 
102.000000   1.374817 
103.000000   1.367846 
104.000000   1.360964 
105.000000   1.354170 
106.000000   1.347462 
107.000000   1.340838 
108.000000   1.334296 
109.000000   1.327833 
110.000000   1.321449 
111.000000   1.315141 
112.000000   1.308909 
113.000000   1.302749 
114.000000   1.296661 
115.000000   1.290643 
116.000000   1.284693 
117.000000   1.278811 
118.000000   1.272994 
119.000000   1.267242 
120.000000   1.261553 
121.000000   1.255926 
122.000000   1.250359 
123.000000   1.244852 
124.000000   1.239402 
125.000000   1.234010 
126.000000   1.228674 
127.000000   1.223392 
128.000000   1.218165 
129.000000   1.212990 
130.000000   1.207867 
131.000000   1.202794 
132.000000   1.197772 
133.000000   1.192799 
134.000000   1.187873 
135.000000   1.182995 
136.000000   1.178163 
137.000000   1.173377 
138.000000   1.168635 
139.000000   1.163937 
140.000000   1.159283 
141.000000   1.154671 
142.000000   1.150100 
143.000000   1.145571 
144.000000   1.141082 
145.000000   1.136632 
146.000000   1.132222 
147.000000   1.127849 
148.000000   1.123515 
149.000000   1.119217 
150.000000   1.114956 
151.000000   1.110731 
152.000000   1.106541 
153.000000   1.102386 
154.000000   1.098265 
155.000000   1.094178 
156.000000   1.090123 
157.000000   1.086102 
158.000000   1.082112 
159.000000   1.078154 
160.000000   1.074228 
161.000000   1.070332 
162.000000   1.066466 
163.000000   1.062630 
164.000000   1.058823 
165.000000   1.055046 
166.000000   1.051296 
167.000000   1.047575 
168.000000   1.043882 
169.000000   1.040215 
170.000000   1.036576 
171.000000   1.032963 
172.000000   1.029376 
173.000000   1.025815 
174.000000   1.022280 
175.000000   1.018769 
176.000000   1.015283 
177.000000   1.011822 
178.000000   1.008385 
179.000000   1.004971 
180.000000   1.001581 
181.000000   0.998214 
182.000000   0.994869 
183.000000   0.991548 
184.000000   0.988248 
185.000000   0.984970 
186.000000   0.981714 
187.000000   0.978479 
188.000000   0.975266 
189.000000   0.972073 
190.000000   0.968901 
191.000000   0.965749 
192.000000   0.962617 
193.000000   0.959504 
194.000000   0.956412 
195.000000   0.953338 
196.000000   0.950284 
197.000000   0.947249 
198.000000   0.944232 
199.000000   0.941233 
200.000000   0.938253 
201.000000   0.935291 
202.000000   0.932346 
203.000000   0.929419 
204.000000   0.926509 
205.000000   0.923617 
206.000000   0.920741 
207.000000   0.917882 
208.000000   0.915040 
209.000000   0.912214 
210.000000   0.909404 
211.000000   0.906610 
212.000000   0.903832 
213.000000   0.901069 
214.000000   0.898322 
215.000000   0.895590 
216.000000   0.892874 
217.000000   0.890172 
218.000000   0.887485 
219.000000   0.884813 
220.000000   0.882155 
221.000000   0.879511 
222.000000   0.876882 
223.000000   0.874267 
224.000000   0.871665 
225.000000   0.869078 
226.000000   0.866503 
227.000000   0.863943 
228.000000   0.861395 
229.000000   0.858861 
230.000000   0.856340 
231.000000   0.853831 
232.000000   0.851336 
233.000000   0.848853 
234.000000   0.846382 
235.000000   0.843924 
236.000000   0.841478 
237.000000   0.839044 
238.000000   0.836623 
239.000000   0.834213 
240.000000   0.831815 
241.000000   0.829429 
242.000000   0.827054 
243.000000   0.824690 
244.000000   0.822338 
245.000000   0.819997 
246.000000   0.817668 
247.000000   0.815349 
248.000000   0.813041 
249.000000   0.810744 
250.000000   0.808458 
251.000000   0.806182 
252.000000   0.803917 
253.000000   0.801663 
254.000000   0.799418 
255.000000   0.797184 
256.000000   0.794960 
257.000000   0.792746 
258.000000   0.790542 
259.000000   0.788348 
260.000000   0.786163 
261.000000   0.783988 
262.000000   0.781823 
263.000000   0.779668 
264.000000   0.777521 
265.000000   0.775384 
266.000000   0.773257 
267.000000   0.771138 
268.000000   0.769029 
269.000000   0.766929 
270.000000   0.764838 
271.000000   0.762755 
272.000000   0.760682 
273.000000   0.758617 
274.000000   0.756561 
275.000000   0.754513 
276.000000   0.752474 
277.000000   0.750443 
278.000000   0.748421 
279.000000   0.746407 
280.000000   0.744401 
281.000000   0.742404 
282.000000   0.740414 
283.000000   0.738433 
284.000000   0.736460 
285.000000   0.734494 
286.000000   0.732537 
287.000000   0.730587 
288.000000   0.728645 
289.000000   0.726710 
290.000000   0.724783 
291.000000   0.722864 
292.000000   0.720952 
293.000000   0.719048 
294.000000   0.717151 
295.000000   0.715262 
296.000000   0.713379 
297.000000   0.711504 
298.000000   0.709636 
299.000000   0.707775 
300.000000   0.705922 
301.000000   0.704075 
302.000000   0.702235 
303.000000   0.700402 
304.000000   0.698576 
305.000000   0.696757 
306.000000   0.694944 
307.000000   0.693138 
308.000000   0.691339 
309.000000   0.689547 
310.000000   0.687761 
311.000000   0.685981 
312.000000   0.684208 
313.000000   0.682442 
314.000000   0.680682 
315.000000   0.678928 
316.000000   0.677180 
317.000000   0.675439 
318.000000   0.673704 
319.000000   0.671975 
320.000000   0.670252 
321.000000   0.668536 
322.000000   0.666825 
323.000000   0.665120 
324.000000   0.663422 
325.000000   0.661729 
326.000000   0.660042 
327.000000   0.658361 
328.000000   0.656686 
329.000000   0.655016 
330.000000   0.653352 
331.000000   0.651694 
332.000000   0.650042 
333.000000   0.648395 
334.000000   0.646754 
335.000000   0.645119 
336.000000   0.643488 
337.000000   0.641864 
338.000000   0.640245 
339.000000   0.638631 
340.000000   0.637023 
341.000000   0.635419 
342.000000   0.633822 
343.000000   0.632229 
344.000000   0.630642 
345.000000   0.629060 
346.000000   0.627483 
347.000000   0.625912 
348.000000   0.624345 
349.000000   0.622784 
350.000000   0.621228 
351.000000   0.619676 
352.000000   0.618130 
353.000000   0.616589 
354.000000   0.615052 
355.000000   0.613521 
356.000000   0.611994 
357.000000   0.610473 
358.000000   0.608956 
359.000000   0.607444 
360.000000   0.605937 
361.000000   0.604434 
362.000000   0.602936 
363.000000   0.601443 
364.000000   0.599955 
365.000000   0.598471 
366.000000   0.596992 
367.000000   0.595518 
368.000000   0.594048 
369.000000   0.592582 
370.000000   0.591121 
371.000000   0.589665 
372.000000   0.588213 
373.000000   0.586766 
374.000000   0.585323 
375.000000   0.583884 
376.000000   0.582450 
377.000000   0.581020 
378.000000   0.579595 
379.000000   0.578173 
380.000000   0.576757 
381.000000   0.575344 
382.000000   0.573936 
383.000000   0.572531 
384.000000   0.571132 
385.000000   0.569736 
386.000000   0.568344 
387.000000   0.566957 
388.000000   0.565574 
389.000000   0.564194 
390.000000   0.562819 
391.000000   0.561448 
392.000000   0.560081 
393.000000   0.558718 
394.000000   0.557359 
395.000000   0.556004 
396.000000   0.554653 
397.000000   0.553306 
398.000000   0.551963 
399.000000   0.550624 
400.000000   0.549288 
401.000000   0.547957 
402.000000   0.546629 
403.000000   0.545306 
404.000000   0.543986 
405.000000   0.542670 
406.000000   0.541357 
407.000000   0.540049 
408.000000   0.538744 
409.000000   0.537443 
410.000000   0.536145 
411.000000   0.534852 
412.000000   0.533562 
413.000000   0.532275 
414.000000   0.530993 
415.000000   0.529714 
416.000000   0.528438 
417.000000   0.527167 
418.000000   0.525898 
419.000000   0.524634 
420.000000   0.523373 
421.000000   0.522115 
422.000000   0.520861 
423.000000   0.519611 
424.000000   0.518364 
425.000000   0.517120 
426.000000   0.515880 
427.000000   0.514644 
428.000000   0.513411 
429.000000   0.512181 
430.000000   0.510955 
431.000000   0.509732 
432.000000   0.508512 
433.000000   0.507296 
434.000000   0.506084 
435.000000   0.504874 
436.000000   0.503668 
437.000000   0.502465 
438.000000   0.501266 
439.000000   0.500070 
440.000000   0.498877 
441.000000   0.497687 
442.000000   0.496501 
443.000000   0.495318 
444.000000   0.494138 
445.000000   0.492962 
446.000000   0.491788 
447.000000   0.490618 
448.000000   0.489451 
449.000000   0.488287 
450.000000   0.487126 
451.000000   0.485969 
452.000000   0.484814 
453.000000   0.483663 
454.000000   0.482515 
455.000000   0.481370 
456.000000   0.480228 
457.000000   0.479089 
458.000000   0.477953 
459.000000   0.476820 
460.000000   0.475690 
461.000000   0.474563 
462.000000   0.473440 
463.000000   0.472319 
464.000000   0.471201 
465.000000   0.470087 
466.000000   0.468975 
467.000000   0.467866 
468.000000   0.466760 
469.000000   0.465657 
470.000000   0.464557 
471.000000   0.463460 
472.000000   0.462366 
473.000000   0.461275 
474.000000   0.460187 
475.000000   0.459101 
476.000000   0.458019 
477.000000   0.456939 
478.000000   0.455862 
479.000000   0.454789 
480.000000   0.453717 
481.000000   0.452649 
482.000000   0.451584 
483.000000   0.450521 
484.000000   0.449461 
485.000000   0.448404 
486.000000   0.447350 
487.000000   0.446299 
488.000000   0.445250 
489.000000   0.444204 
490.000000   0.443161 
491.000000   0.442120 
492.000000   0.441082 
493.000000   0.440047 
494.000000   0.439015 
495.000000   0.437986 
496.000000   0.436959 
497.000000   0.435934 
498.000000   0.434913 
499.000000   0.433894 
500.000000   0.432878 
501.000000   0.431864 
502.000000   0.430853 
503.000000   0.429845 
504.000000   0.428840 
505.000000   0.427836 
506.000000   0.426836 
507.000000   0.425838 
508.000000   0.424843 
509.000000   0.423851 
510.000000   0.422860 
511.000000   0.421873 
512.000000   0.421232 